100
5 1 
5 2 
3 5 
5 4 
1 7 
2 7 
3 7 
7 4 
7 5 
6 7 
1 11 
2 11 
3 11 
4 11 
11 5 
11 6 
11 7 
8 11 
11 9 
11 10 
1 13 
2 13 
3 13 
13 4 
13 5 
6 13 
13 7 
13 8 
13 9 
10 13 
11 13 
13 12 
17 1 
17 2 
3 17 
4 17 
5 17 
17 6 
17 7 
17 8 
9 17 
10 17 
17 11 
12 17 
17 13 
14 17 
17 15 
17 16 
19 1 
2 19 
19 3 
4 19 
19 5 
19 6 
7 19 
19 8 
9 19 
10 19 
11 19 
12 19 
13 19 
19 14 
19 15 
19 16 
19 17 
19 18 
23 1 
23 2 
23 3 
4 23 
23 5 
23 6 
7 23 
23 8 
9 23 
10 23 
23 11 
23 12 
23 13 
23 14 
23 15 
23 16 
23 17 
18 23 
23 19 
23 20 
23 21 
23 22 
29 1 
2 29 
3 29 
29 4 
5 29 
29 6 
7 29 
8 29 
9 29 
29 10 
11 29 
29 12 
13 29 
14 29 
15 29 
16 29 
29 17 
18 29 
19 29 
20 29 
21 29 
29 22 
29 23 
29 24 
29 25 
26 29 
27 29 
29 28 
1 31 
2 31 
31 3 
4 31 
5 31 
31 6 
7 31 
8 31 
9 31 
31 10 
11 31 
12 31 
13 31 
14 31 
31 15 
16 31 
31 17 
31 18 
31 19 
31 20 
21 31 
22 31 
23 31 
31 24 
25 31 
26 31 
27 31 
31 28 
31 29 
31 30 
37 1 
2 37 
3 37 
4 37 
37 5 
6 37 
37 7 
37 8 
9 37 
37 10 
11 37 
37 12 
37 13 
14 37 
15 37 
16 37 
17 37 
37 18 
37 19 
37 20 
37 21 
37 22 
23 37 
24 37 
37 25 
26 37 
37 27 
37 28 
29 37 
37 30 
31 37 
32 37 
37 33 
34 37 
37 35 
36 37 
1 41 
2 41 
41 3 
41 4 
5 41 
6 41 
7 41 
8 41 
9 41 
41 10 
11 41 
41 12 
41 13 
41 14 
15 41 
16 41 
41 17 
41 18 
19 41 
41 20 
41 21 
41 22 
41 23 
24 41 
25 41 
41 26 
41 27 
28 41 
41 29 
30 41 
31 41 
41 32 
41 33 
41 34 
41 35 
41 36 
37 41 
41 38 
41 39 
41 40 
1 43 
2 43 
43 3 
43 4 
5 43 
43 6 
43 7 
8 43 
43 9 
10 43 
43 11 
43 12 
43 13 
14 43 
15 43 
43 16 
43 17 
18 43 
43 19 
20 43 
43 21 
22 43 
43 23 
43 24 
43 25 
26 43 
43 27 
28 43 
43 29 
43 30 
31 43 
43 32 
33 43 
34 43 
43 35 
36 43 
43 37 
43 38 
39 43 
40 43 
41 43 
42 43 
47 1 
2 47 
47 3 
4 47 
5 47 
6 47 
47 7 
8 47 
9 47 
10 47 
47 11 
12 47 
47 13 
14 47 
47 15 
47 16 
17 47 
18 47 
19 47 
20 47 
21 47 
22 47 
47 23 
24 47 
47 25 
26 47 
47 27 
28 47 
29 47 
30 47 
31 47 
32 47 
47 33 
47 34 
47 35 
47 36 
37 47 
47 38 
47 39 
47 40 
41 47 
42 47 
43 47 
44 47 
47 45 
46 47 
1 53 
53 2 
53 3 
4 53 
5 53 
53 6 
53 7 
53 8 
53 9 
10 53 
53 11 
53 12 
53 13 
53 14 
53 15 
53 16 
53 17 
18 53 
19 53 
53 20 
21 53 
53 22 
23 53 
24 53 
25 53 
26 53 
53 27 
28 53 
53 29 
53 30 
31 53 
53 32 
33 53 
53 34 
35 53 
53 36 
37 53 
53 38 
39 53 
40 53 
53 41 
42 53 
53 43 
53 44 
53 45 
53 46 
47 53 
48 53 
53 49 
50 53 
53 51 
52 53 
1 59 
2 59 
3 59 
59 4 
5 59 
59 6 
7 59 
8 59 
9 59 
59 10 
59 11 
59 12 
13 59 
14 59 
59 15 
59 16 
59 17 
18 59 
59 19 
20 59 
21 59 
59 22 
23 59 
59 24 
59 25 
26 59 
27 59 
59 28 
59 29 
30 59 
59 31 
32 59 
33 59 
59 34 
35 59 
36 59 
59 37 
38 59 
39 59 
40 59 
59 41 
59 42 
59 43 
44 59 
45 59 
46 59 
47 59 
48 59 
49 59 
59 50 
59 51 
52 59 
53 59 
59 54 
55 59 
59 56 
57 59 
58 59 
61 1 
61 2 
61 3 
61 4 
5 61 
6 61 
7 61 
61 8 
9 61 
61 10 
11 61 
61 12 
61 13 
61 14 
15 61 
16 61 
17 61 
61 18 
19 61 
61 20 
61 21 
22 61 
61 23 
61 24 
25 61 
26 61 
61 27 
61 28 
29 61 
30 61 
31 61 
61 32 
61 33 
34 61 
61 35 
36 61 
61 37 
38 61 
39 61 
61 40 
61 41 
61 42 
61 43 
61 44 
61 45 
61 46 
47 61 
48 61 
49 61 
61 50 
51 61 
52 61 
61 53 
54 61 
61 55 
56 61 
61 57 
58 61 
61 59 
61 60 
