116
1 5 
2 5 
5 3 
5 4 
7 1 
2 7 
3 7 
7 4 
7 5 
7 6 
1 11 
11 2 
3 11 
4 11 
11 5 
11 6 
11 7 
8 11 
11 9 
10 11 
1 13 
13 2 
13 3 
4 13 
5 13 
6 13 
13 7 
8 13 
9 13 
13 10 
11 13 
12 13 
1 17 
17 2 
17 3 
4 17 
17 5 
17 6 
17 7 
8 17 
9 17 
17 10 
11 17 
12 17 
13 17 
17 14 
17 15 
17 16 
19 1 
2 19 
19 3 
4 19 
5 19 
6 19 
19 7 
19 8 
9 19 
19 10 
11 19 
19 12 
13 19 
14 19 
19 15 
16 19 
17 19 
19 18 
1 23 
2 23 
3 23 
4 23 
23 5 
23 6 
7 23 
8 23 
23 9 
10 23 
11 23 
12 23 
23 13 
14 23 
23 15 
16 23 
17 23 
18 23 
23 19 
23 20 
21 23 
23 22 
29 1 
2 29 
3 29 
29 4 
29 5 
6 29 
29 7 
29 8 
9 29 
10 29 
29 11 
12 29 
13 29 
14 29 
29 15 
16 29 
17 29 
29 18 
29 19 
29 20 
29 21 
29 22 
23 29 
29 24 
29 25 
26 29 
29 27 
29 28 
