1560
1 5 
5 2 
3 5 
5 4 
1 7 
7 2 
7 3 
4 7 
7 5 
6 7 
1 11 
2 11 
11 3 
11 4 
5 11 
6 11 
11 7 
8 11 
9 11 
11 10 
1 13 
2 13 
3 13 
4 13 
13 5 
13 6 
7 13 
13 8 
13 9 
10 13 
13 11 
13 12 
1 17 
17 2 
17 3 
17 4 
17 5 
6 17 
17 7 
17 8 
17 9 
10 17 
17 11 
17 12 
13 17 
14 17 
15 17 
17 16 
1 19 
19 2 
19 3 
4 19 
5 19 
6 19 
7 19 
19 8 
19 9 
19 10 
11 19 
19 12 
13 19 
14 19 
15 19 
16 19 
19 17 
19 18 
23 1 
2 23 
3 23 
23 4 
23 5 
23 6 
7 23 
8 23 
23 9 
10 23 
23 11 
12 23 
23 13 
23 14 
23 15 
23 16 
17 23 
23 18 
23 19 
23 20 
21 23 
22 23 
29 1 
29 2 
3 29 
4 29 
29 5 
29 6 
7 29 
8 29 
29 9 
10 29 
11 29 
29 12 
29 13 
29 14 
15 29 
29 16 
17 29 
29 18 
19 29 
20 29 
21 29 
29 22 
29 23 
29 24 
25 29 
26 29 
29 27 
28 29 
1 31 
31 2 
31 3 
4 31 
31 5 
6 31 
7 31 
8 31 
9 31 
31 10 
11 31 
12 31 
13 31 
14 31 
15 31 
16 31 
17 31 
31 18 
31 19 
20 31 
21 31 
22 31 
31 23 
31 24 
25 31 
26 31 
31 27 
28 31 
29 31 
30 31 
1 37 
2 37 
3 37 
37 4 
5 37 
37 6 
37 7 
37 8 
9 37 
37 10 
11 37 
37 12 
13 37 
37 14 
37 15 
16 37 
37 17 
18 37 
19 37 
37 20 
37 21 
22 37 
23 37 
37 24 
25 37 
26 37 
37 27 
37 28 
37 29 
37 30 
31 37 
32 37 
37 33 
37 34 
35 37 
36 37 
41 1 
2 41 
41 3 
4 41 
41 5 
41 6 
7 41 
41 8 
9 41 
10 41 
41 11 
12 41 
41 13 
41 14 
41 15 
16 41 
17 41 
18 41 
19 41 
41 20 
41 21 
41 22 
23 41 
24 41 
25 41 
41 26 
41 27 
28 41 
41 29 
30 41 
31 41 
32 41 
41 33 
41 34 
41 35 
41 36 
37 41 
38 41 
39 41 
40 41 
43 1 
2 43 
3 43 
4 43 
43 5 
6 43 
43 7 
43 8 
43 9 
43 10 
11 43 
43 12 
43 13 
14 43 
43 15 
16 43 
43 17 
43 18 
19 43 
43 20 
43 21 
22 43 
23 43 
24 43 
25 43 
26 43 
43 27 
43 28 
29 43 
30 43 
31 43 
32 43 
33 43 
34 43 
43 35 
43 36 
43 37 
43 38 
39 43 
43 40 
43 41 
42 43 
1 47 
2 47 
47 3 
4 47 
5 47 
6 47 
7 47 
47 8 
47 9 
10 47 
11 47 
12 47 
47 13 
47 14 
47 15 
47 16 
47 17 
47 18 
19 47 
20 47 
47 21 
22 47 
23 47 
24 47 
25 47 
26 47 
27 47 
47 28 
47 29 
30 47 
47 31 
47 32 
33 47 
47 34 
35 47 
36 47 
37 47 
38 47 
47 39 
40 47 
41 47 
42 47 
43 47 
44 47 
47 45 
46 47 
53 1 
53 2 
53 3 
53 4 
53 5 
6 53 
7 53 
8 53 
9 53 
10 53 
11 53 
12 53 
53 13 
14 53 
53 15 
16 53 
17 53 
18 53 
53 19 
53 20 
21 53 
22 53 
23 53 
24 53 
25 53 
53 26 
27 53 
53 28 
29 53 
53 30 
31 53 
53 32 
33 53 
34 53 
35 53 
36 53 
37 53 
53 38 
53 39 
53 40 
41 53 
42 53 
53 43 
53 44 
53 45 
53 46 
53 47 
53 48 
49 53 
53 50 
51 53 
53 52 
59 1 
59 2 
3 59 
59 4 
59 5 
59 6 
59 7 
59 8 
59 9 
59 10 
59 11 
12 59 
59 13 
14 59 
59 15 
59 16 
59 17 
18 59 
59 19 
20 59 
59 21 
22 59 
59 23 
59 24 
25 59 
59 26 
59 27 
59 28 
29 59 
59 30 
59 31 
59 32 
59 33 
59 34 
35 59 
36 59 
59 37 
59 38 
59 39 
59 40 
41 59 
59 42 
43 59 
59 44 
59 45 
59 46 
47 59 
59 48 
59 49 
59 50 
51 59 
52 59 
53 59 
59 54 
55 59 
59 56 
57 59 
58 59 
1 61 
2 61 
3 61 
61 4 
61 5 
61 6 
7 61 
8 61 
9 61 
10 61 
11 61 
61 12 
61 13 
14 61 
15 61 
16 61 
61 17 
18 61 
19 61 
20 61 
21 61 
22 61 
23 61 
61 24 
61 25 
61 26 
27 61 
28 61 
29 61 
61 30 
61 31 
61 32 
33 61 
61 34 
61 35 
61 36 
37 61 
38 61 
39 61 
40 61 
41 61 
61 42 
43 61 
61 44 
45 61 
46 61 
47 61 
61 48 
49 61 
50 61 
51 61 
52 61 
53 61 
54 61 
55 61 
61 56 
57 61 
58 61 
61 59 
60 61 
67 1 
2 67 
67 3 
67 4 
67 5 
67 6 
67 7 
8 67 
67 9 
67 10 
11 67 
12 67 
13 67 
67 14 
67 15 
16 67 
17 67 
18 67 
19 67 
67 20 
21 67 
22 67 
23 67 
67 24 
25 67 
26 67 
67 27 
28 67 
67 29 
67 30 
67 31 
67 32 
33 67 
34 67 
35 67 
67 36 
37 67 
38 67 
67 39 
67 40 
67 41 
67 42 
67 43 
44 67 
45 67 
67 46 
47 67 
67 48 
49 67 
67 50 
51 67 
52 67 
67 53 
54 67 
67 55 
67 56 
67 57 
67 58 
59 67 
67 60 
61 67 
62 67 
63 67 
67 64 
67 65 
66 67 
1 71 
71 2 
3 71 
4 71 
5 71 
71 6 
7 71 
8 71 
9 71 
10 71 
11 71 
71 12 
71 13 
71 14 
15 71 
16 71 
17 71 
18 71 
19 71 
71 20 
21 71 
71 22 
71 23 
24 71 
71 25 
26 71 
71 27 
71 28 
71 29 
30 71 
71 31 
71 32 
33 71 
71 34 
71 35 
71 36 
71 37 
38 71 
39 71 
71 40 
41 71 
71 42 
71 43 
71 44 
71 45 
46 71 
71 47 
71 48 
49 71 
71 50 
71 51 
52 71 
71 53 
54 71 
71 55 
71 56 
57 71 
71 58 
59 71 
71 60 
61 71 
71 62 
71 63 
71 64 
65 71 
71 66 
71 67 
68 71 
71 69 
71 70 
73 1 
73 2 
73 3 
4 73 
73 5 
6 73 
73 7 
8 73 
73 9 
10 73 
73 11 
12 73 
13 73 
14 73 
15 73 
16 73 
17 73 
18 73 
73 19 
73 20 
21 73 
73 22 
73 23 
24 73 
25 73 
26 73 
73 27 
73 28 
73 29 
73 30 
31 73 
32 73 
73 33 
34 73 
35 73 
36 73 
73 37 
73 38 
39 73 
40 73 
73 41 
42 73 
43 73 
44 73 
73 45 
46 73 
47 73 
73 48 
73 49 
73 50 
73 51 
73 52 
73 53 
73 54 
55 73 
56 73 
73 57 
73 58 
73 59 
73 60 
61 73 
73 62 
73 63 
64 73 
65 73 
66 73 
73 67 
73 68 
73 69 
70 73 
73 71 
73 72 
79 1 
2 79 
79 3 
4 79 
5 79 
79 6 
79 7 
8 79 
9 79 
10 79 
79 11 
79 12 
79 13 
79 14 
79 15 
16 79 
17 79 
18 79 
79 19 
79 20 
21 79 
79 22 
79 23 
79 24 
25 79 
26 79 
27 79 
79 28 
29 79 
79 30 
79 31 
32 79 
79 33 
34 79 
79 35 
36 79 
79 37 
79 38 
79 39 
40 79 
41 79 
42 79 
43 79 
79 44 
79 45 
79 46 
79 47 
48 79 
79 49 
79 50 
79 51 
52 79 
53 79 
54 79 
79 55 
79 56 
79 57 
58 79 
79 59 
79 60 
79 61 
79 62 
79 63 
64 79 
65 79 
66 79 
67 79 
68 79 
69 79 
70 79 
71 79 
79 72 
79 73 
74 79 
75 79 
76 79 
77 79 
78 79 
83 1 
2 83 
83 3 
83 4 
5 83 
83 6 
83 7 
83 8 
9 83 
10 83 
83 11 
83 12 
13 83 
14 83 
15 83 
16 83 
83 17 
83 18 
83 19 
83 20 
83 21 
83 22 
23 83 
24 83 
25 83 
83 26 
83 27 
83 28 
83 29 
30 83 
83 31 
83 32 
83 33 
34 83 
83 35 
83 36 
37 83 
38 83 
83 39 
40 83 
41 83 
42 83 
83 43 
83 44 
45 83 
46 83 
83 47 
83 48 
49 83 
50 83 
51 83 
83 52 
83 53 
83 54 
83 55 
56 83 
83 57 
58 83 
83 59 
60 83 
83 61 
83 62 
83 63 
83 64 
83 65 
66 83 
83 67 
83 68 
83 69 
83 70 
71 83 
72 83 
83 73 
74 83 
83 75 
83 76 
83 77 
83 78 
79 83 
80 83 
83 81 
82 83 
1 89 
2 89 
89 3 
89 4 
5 89 
89 6 
89 7 
89 8 
89 9 
89 10 
11 89 
89 12 
89 13 
89 14 
89 15 
89 16 
89 17 
18 89 
19 89 
20 89 
89 21 
22 89 
89 23 
89 24 
89 25 
89 26 
89 27 
28 89 
29 89 
30 89 
89 31 
89 32 
89 33 
34 89 
35 89 
36 89 
37 89 
89 38 
89 39 
40 89 
89 41 
42 89 
89 43 
89 44 
89 45 
89 46 
47 89 
48 89 
89 49 
89 50 
89 51 
52 89 
89 53 
89 54 
55 89 
56 89 
89 57 
58 89 
89 59 
60 89 
61 89 
62 89 
63 89 
64 89 
65 89 
89 66 
89 67 
68 89 
89 69 
70 89 
89 71 
89 72 
73 89 
74 89 
75 89 
76 89 
89 77 
78 89 
79 89 
80 89 
89 81 
82 89 
89 83 
89 84 
85 89 
86 89 
89 87 
88 89 
1 97 
97 2 
97 3 
4 97 
97 5 
97 6 
7 97 
97 8 
97 9 
97 10 
11 97 
12 97 
97 13 
97 14 
15 97 
16 97 
17 97 
18 97 
19 97 
20 97 
97 21 
22 97 
23 97 
97 24 
25 97 
97 26 
97 27 
97 28 
29 97 
30 97 
31 97 
97 32 
33 97 
97 34 
35 97 
36 97 
97 37 
38 97 
97 39 
97 40 
97 41 
97 42 
97 43 
44 97 
45 97 
46 97 
47 97 
97 48 
97 49 
50 97 
51 97 
97 52 
97 53 
97 54 
97 55 
56 97 
97 57 
58 97 
97 59 
60 97 
61 97 
97 62 
97 63 
64 97 
65 97 
97 66 
97 67 
68 97 
69 97 
70 97 
71 97 
97 72 
97 73 
74 97 
97 75 
97 76 
97 77 
97 78 
97 79 
97 80 
97 81 
82 97 
83 97 
84 97 
85 97 
86 97 
97 87 
97 88 
97 89 
90 97 
97 91 
92 97 
93 97 
94 97 
95 97 
97 96 
1 101 
101 2 
101 3 
4 101 
5 101 
101 6 
101 7 
101 8 
101 9 
10 101 
11 101 
101 12 
101 13 
101 14 
101 15 
16 101 
17 101 
18 101 
101 19 
101 20 
21 101 
22 101 
101 23 
101 24 
25 101 
26 101 
101 27 
28 101 
101 29 
101 30 
101 31 
32 101 
33 101 
34 101 
35 101 
36 101 
101 37 
101 38 
101 39 
40 101 
101 41 
42 101 
43 101 
101 44 
101 45 
46 101 
101 47 
48 101 
49 101 
101 50 
51 101 
101 52 
101 53 
101 54 
55 101 
101 56 
101 57 
101 58 
59 101 
101 60 
61 101 
101 62 
101 63 
101 64 
65 101 
101 66 
67 101 
68 101 
101 69 
70 101 
71 101 
101 72 
73 101 
101 74 
75 101 
101 76 
101 77 
101 78 
101 79 
101 80 
81 101 
82 101 
101 83 
84 101 
101 85 
86 101 
101 87 
88 101 
101 89 
90 101 
91 101 
92 101 
101 93 
94 101 
101 95 
96 101 
101 97 
98 101 
99 101 
100 101 
1 103 
2 103 
3 103 
4 103 
103 5 
6 103 
7 103 
103 8 
103 9 
103 10 
11 103 
12 103 
103 13 
14 103 
15 103 
103 16 
17 103 
103 18 
103 19 
103 20 
21 103 
103 22 
23 103 
24 103 
25 103 
103 26 
27 103 
28 103 
29 103 
30 103 
103 31 
32 103 
33 103 
103 34 
103 35 
36 103 
37 103 
38 103 
103 39 
40 103 
103 41 
42 103 
43 103 
44 103 
103 45 
103 46 
103 47 
48 103 
49 103 
103 50 
51 103 
103 52 
53 103 
103 54 
55 103 
56 103 
57 103 
103 58 
59 103 
103 60 
61 103 
62 103 
63 103 
103 64 
103 65 
66 103 
67 103 
68 103 
69 103 
103 70 
71 103 
103 72 
73 103 
103 74 
103 75 
103 76 
77 103 
78 103 
103 79 
80 103 
103 81 
82 103 
83 103 
84 103 
103 85 
103 86 
103 87 
103 88 
89 103 
103 90 
103 91 
103 92 
103 93 
103 94 
95 103 
103 96 
103 97 
98 103 
103 99 
100 103 
101 103 
103 102 
1 107 
107 2 
107 3 
107 4 
5 107 
6 107 
7 107 
8 107 
9 107 
107 10 
107 11 
107 12 
107 13 
107 14 
15 107 
16 107 
107 17 
18 107 
19 107 
20 107 
21 107 
22 107 
23 107 
107 24 
107 25 
26 107 
107 27 
107 28 
29 107 
30 107 
31 107 
107 32 
107 33 
34 107 
107 35 
36 107 
37 107 
38 107 
39 107 
40 107 
41 107 
42 107 
43 107 
44 107 
107 45 
107 46 
47 107 
107 48 
49 107 
107 50 
51 107 
107 52 
107 53 
54 107 
55 107 
107 56 
57 107 
107 58 
59 107 
107 60 
61 107 
62 107 
63 107 
107 64 
107 65 
66 107 
67 107 
68 107 
69 107 
107 70 
107 71 
72 107 
73 107 
74 107 
75 107 
76 107 
77 107 
78 107 
107 79 
80 107 
81 107 
82 107 
107 83 
84 107 
85 107 
86 107 
87 107 
107 88 
89 107 
90 107 
91 107 
107 92 
107 93 
94 107 
107 95 
107 96 
97 107 
98 107 
107 99 
100 107 
107 101 
107 102 
107 103 
104 107 
105 107 
107 106 
1 109 
2 109 
109 3 
4 109 
5 109 
109 6 
7 109 
8 109 
109 9 
109 10 
11 109 
12 109 
13 109 
109 14 
109 15 
16 109 
17 109 
109 18 
109 19 
20 109 
21 109 
109 22 
23 109 
24 109 
25 109 
26 109 
109 27 
28 109 
109 29 
109 30 
31 109 
109 32 
109 33 
109 34 
35 109 
36 109 
109 37 
38 109 
39 109 
109 40 
41 109 
109 42 
109 43 
109 44 
45 109 
46 109 
47 109 
48 109 
109 49 
109 50 
51 109 
52 109 
109 53 
54 109 
55 109 
109 56 
109 57 
58 109 
109 59 
60 109 
109 61 
109 62 
63 109 
109 64 
109 65 
109 66 
67 109 
109 68 
109 69 
109 70 
71 109 
109 72 
73 109 
74 109 
109 75 
76 109 
77 109 
109 78 
79 109 
80 109 
109 81 
82 109 
83 109 
109 84 
85 109 
86 109 
87 109 
88 109 
109 89 
90 109 
109 91 
109 92 
93 109 
109 94 
95 109 
109 96 
109 97 
98 109 
99 109 
109 100 
109 101 
102 109 
109 103 
109 104 
105 109 
106 109 
107 109 
108 109 
1 113 
2 113 
3 113 
113 4 
5 113 
6 113 
113 7 
113 8 
113 9 
113 10 
11 113 
113 12 
13 113 
14 113 
15 113 
16 113 
113 17 
113 18 
113 19 
113 20 
21 113 
22 113 
113 23 
24 113 
113 25 
26 113 
27 113 
28 113 
113 29 
113 30 
31 113 
113 32 
113 33 
34 113 
113 35 
113 36 
37 113 
38 113 
113 39 
40 113 
113 41 
42 113 
43 113 
44 113 
113 45 
46 113 
47 113 
48 113 
113 49 
50 113 
113 51 
113 52 
53 113 
54 113 
55 113 
56 113 
113 57 
58 113 
59 113 
60 113 
61 113 
113 62 
113 63 
113 64 
113 65 
66 113 
67 113 
113 68 
113 69 
70 113 
71 113 
72 113 
113 73 
74 113 
75 113 
76 113 
77 113 
78 113 
79 113 
80 113 
81 113 
82 113 
83 113 
84 113 
113 85 
86 113 
113 87 
113 88 
89 113 
113 90 
113 91 
113 92 
93 113 
94 113 
113 95 
113 96 
113 97 
113 98 
113 99 
100 113 
101 113 
113 102 
103 113 
113 104 
105 113 
113 106 
107 113 
108 113 
109 113 
110 113 
111 113 
113 112 
