480
1 5 
2 5 
3 5 
4 5 
7 1 
7 2 
3 7 
4 7 
5 7 
6 7 
1 11 
11 2 
11 3 
11 4 
5 11 
6 11 
11 7 
11 8 
9 11 
10 11 
13 1 
13 2 
13 3 
4 13 
5 13 
13 6 
7 13 
13 8 
13 9 
13 10 
11 13 
13 12 
17 1 
2 17 
17 3 
4 17 
17 5 
17 6 
17 7 
8 17 
9 17 
17 10 
17 11 
12 17 
13 17 
17 14 
17 15 
16 17 
19 1 
19 2 
19 3 
19 4 
19 5 
19 6 
7 19 
19 8 
9 19 
10 19 
19 11 
12 19 
13 19 
14 19 
19 15 
19 16 
19 17 
19 18 
23 1 
2 23 
3 23 
23 4 
5 23 
6 23 
23 7 
23 8 
9 23 
10 23 
11 23 
23 12 
13 23 
14 23 
15 23 
16 23 
17 23 
23 18 
19 23 
23 20 
23 21 
22 23 
29 1 
2 29 
3 29 
29 4 
29 5 
29 6 
7 29 
8 29 
29 9 
10 29 
11 29 
12 29 
29 13 
29 14 
29 15 
29 16 
17 29 
29 18 
29 19 
20 29 
21 29 
22 29 
29 23 
29 24 
29 25 
26 29 
29 27 
29 28 
31 1 
2 31 
31 3 
31 4 
31 5 
31 6 
31 7 
8 31 
31 9 
31 10 
31 11 
12 31 
13 31 
31 14 
15 31 
31 16 
31 17 
31 18 
31 19 
20 31 
31 21 
22 31 
31 23 
24 31 
31 25 
26 31 
27 31 
31 28 
29 31 
31 30 
37 1 
2 37 
37 3 
4 37 
5 37 
37 6 
37 7 
8 37 
37 9 
10 37 
11 37 
12 37 
37 13 
37 14 
15 37 
16 37 
17 37 
37 18 
19 37 
37 20 
21 37 
22 37 
37 23 
24 37 
25 37 
37 26 
27 37 
28 37 
29 37 
30 37 
31 37 
32 37 
33 37 
34 37 
35 37 
37 36 
1 41 
2 41 
3 41 
4 41 
41 5 
6 41 
7 41 
8 41 
41 9 
41 10 
41 11 
41 12 
13 41 
41 14 
41 15 
41 16 
17 41 
18 41 
41 19 
20 41 
21 41 
22 41 
23 41 
24 41 
41 25 
41 26 
27 41 
41 28 
29 41 
30 41 
41 31 
41 32 
33 41 
41 34 
41 35 
41 36 
37 41 
41 38 
41 39 
40 41 
1 43 
2 43 
43 3 
43 4 
43 5 
6 43 
7 43 
43 8 
9 43 
10 43 
11 43 
43 12 
13 43 
43 14 
43 15 
43 16 
17 43 
18 43 
19 43 
43 20 
21 43 
22 43 
43 23 
43 24 
43 25 
43 26 
27 43 
28 43 
43 29 
43 30 
31 43 
43 32 
33 43 
43 34 
35 43 
43 36 
43 37 
38 43 
39 43 
43 40 
43 41 
43 42 
1 47 
2 47 
3 47 
47 4 
5 47 
6 47 
7 47 
47 8 
47 9 
10 47 
11 47 
12 47 
13 47 
14 47 
15 47 
16 47 
47 17 
47 18 
47 19 
20 47 
21 47 
47 22 
23 47 
47 24 
47 25 
26 47 
47 27 
47 28 
29 47 
47 30 
31 47 
32 47 
47 33 
47 34 
47 35 
47 36 
47 37 
47 38 
39 47 
40 47 
41 47 
42 47 
43 47 
44 47 
45 47 
47 46 
1 53 
53 2 
3 53 
4 53 
5 53 
6 53 
53 7 
53 8 
53 9 
53 10 
11 53 
53 12 
13 53 
14 53 
15 53 
53 16 
53 17 
53 18 
53 19 
20 53 
53 21 
22 53 
53 23 
24 53 
25 53 
53 26 
53 27 
53 28 
53 29 
30 53 
53 31 
53 32 
53 33 
34 53 
53 35 
36 53 
37 53 
38 53 
53 39 
40 53 
41 53 
53 42 
43 53 
44 53 
53 45 
53 46 
53 47 
48 53 
49 53 
53 50 
53 51 
53 52 
59 1 
2 59 
3 59 
59 4 
59 5 
59 6 
7 59 
59 8 
9 59 
59 10 
59 11 
59 12 
13 59 
59 14 
59 15 
59 16 
17 59 
18 59 
19 59 
59 20 
59 21 
59 22 
59 23 
24 59 
25 59 
26 59 
27 59 
59 28 
59 29 
30 59 
31 59 
59 32 
59 33 
34 59 
35 59 
36 59 
37 59 
38 59 
39 59 
40 59 
41 59 
59 42 
59 43 
59 44 
45 59 
46 59 
47 59 
48 59 
59 49 
59 50 
51 59 
59 52 
53 59 
54 59 
59 55 
56 59 
57 59 
59 58 
61 1 
2 61 
61 3 
61 4 
5 61 
6 61 
61 7 
8 61 
61 9 
10 61 
61 11 
61 12 
61 13 
14 61 
15 61 
16 61 
17 61 
61 18 
19 61 
61 20 
21 61 
61 22 
61 23 
61 24 
61 25 
26 61 
27 61 
61 28 
61 29 
30 61 
61 31 
32 61 
33 61 
34 61 
61 35 
36 61 
37 61 
61 38 
39 61 
40 61 
61 41 
61 42 
43 61 
61 44 
61 45 
46 61 
47 61 
61 48 
49 61 
50 61 
51 61 
61 52 
53 61 
54 61 
61 55 
56 61 
61 57 
58 61 
61 59 
60 61 
