1560
1
3
2
4
1
4
5
2
3
6
1
6
4
3
9
2
8
7
5
10
1
7
9
10
8
11
2
5
3
4
6
12
1
9
6
13
7
3
5
15
2
12
14
10
4
11
8
16
1
10
13
5
4
16
11
12
17
2
7
8
3
15
14
6
9
18
1
12
8
6
14
4
10
3
18
7
21
2
16
5
20
13
19
9
17
15
11
22
1
15
10
22
6
5
25
11
13
3
8
17
9
27
2
20
12
21
26
16
18
4
24
23
7
19
14
28
1
16
21
8
25
26
9
4
7
28
17
13
12
20
29
2
11
19
18
14
3
24
27
22
5
6
23
10
15
30
1
19
25
28
15
31
16
14
33
26
27
34
20
8
5
7
24
35
2
13
30
32
29
17
3
10
11
4
23
21
6
22
9
12
18
36
1
21
14
31
33
7
6
36
32
37
15
24
19
3
11
18
29
16
13
39
2
28
25
12
23
30
38
22
17
26
4
9
5
35
34
8
10
27
20
40
1
22
29
11
26
36
37
27
24
13
4
18
10
40
23
35
38
12
34
28
41
2
15
9
31
5
8
20
3
33
25
39
30
19
16
6
7
17
32
14
21
42
1
24
16
12
19
8
27
6
21
33
30
4
29
37
22
3
36
34
5
40
9
15
45
2
32
38
7
42
13
11
44
25
10
18
43
17
14
26
41
20
39
28
35
31
23
46
1
27
18
40
32
9
38
20
6
16
29
31
49
19
46
10
25
3
14
8
48
41
30
42
17
51
2
36
11
23
12
5
45
39
50
28
43
7
34
4
22
24
37
47
33
15
44
21
13
35
26
52
1
30
20
15
12
10
17
37
46
6
43
5
50
38
4
48
7
23
28
3
45
51
18
32
26
25
35
19
57
2
40
24
34
33
27
41
8
14
56
31
36
52
11
55
21
9
54
16
53
13
22
42
49
47
44
39
29
58
1
31
41
46
49
51
35
23
34
55
50
56
47
48
57
42
18
17
45
58
32
25
8
28
22
54
52
24
40
59
2
21
37
9
7
39
33
53
36
29
3
16
44
43
19
4
13
14
5
11
6
27
38
26
10
12
15
20
30
60
1
34
45
17
27
56
48
42
15
47
61
28
31
24
9
21
4
41
60
57
16
64
35
14
59
49
5
12
37
38
13
44
65
2
23
54
29
30
55
62
18
8
53
32
3
51
10
7
26
63
46
58
43
36
39
6
20
52
25
19
11
40
50
22
33
66
1
36
24
18
57
12
61
9
8
64
13
6
11
66
19
40
46
4
15
32
44
42
34
3
54
41
50
33
49
45
55
20
28
23
69
2
48
43
51
16
26
22
38
21
30
17
68
37
29
27
39
56
67
25
31
52
5
60
65
58
7
63
62
10
59
14
53
47
35
70
1
37
49
55
44
61
21
64
65
22
20
67
45
47
39
32
43
69
50
11
7
10
54
70
38
59
46
60
68
56
33
16
31
58
48
71
2
25
15
42
57
40
17
5
13
27
14
35
3
19
63
66
62
23
4
30
41
34
26
28
6
53
51
8
9
52
12
29
18
24
36
72
1
40
53
20
16
66
34
10
44
8
36
33
73
17
58
5
14
22
25
4
64
18
55
56
19
76
41
48
30
29
51
42
12
7
70
11
47
52
77
2
27
32
68
9
72
67
37
28
50
49
31
38
3
60
23
24
61
15
75
54
57
65
74
21
62
6
46
43
71
35
69
45
13
63
59
26
39
78
1
42
28
21
50
14
12
52
37
25
68
7
32
6
72
26
44
60
35
54
4
34
65
45
10
16
40
3
63
36
75
13
78
22
19
30
9
59
66
27
81
2
56
17
24
74
53
64
61
5
70
8
47
20
80
43
67
73
38
18
49
79
29
48
23
39
57
11
77
51
76
15
58
46
31
71
69
33
62
55
41
82
1
45
30
67
18
15
51
78
10
9
81
52
48
70
6
39
21
5
75
49
17
85
31
26
57
24
33
35
43
3
23
64
27
55
28
47
77
82
16
69
76
53
29
87
2
60
36
13
20
73
7
12
42
61
34
62
25
66
86
46
54
56
65
32
63
58
4
72
40
14
84
68
50
83
19
41
37
8
80
79
11
38
74
71
22
59
44
88
1
49
65
73
39
81
14
85
54
68
53
89
15
7
13
91
40
27
46
34
37
75
38
93
66
56
18
52
87
55
72
94
50
20
61
62
21
23
5
17
71
67
88
86
69
19
64
95
2
33
78
28
11
9
30
26
80
92
74
76
35
36
77
47
3
25
42
10
45
79
41
31
4
59
22
60
63
51
70
57
6
84
90
82
8
44
29
43
12
83
16
58
24
32
48
96
1
51
34
76
81
17
29
38
45
91
46
59
70
65
27
19
6
73
16
96
77
23
22
80
97
35
15
83
7
64
88
60
49
3
26
87
71
8
57
48
69
89
47
62
9
11
43
40
33
99
2
68
61
58
90
92
39
54
12
32
53
44
93
30
14
75
98
52
41
13
37
94
18
86
66
4
21
79
78
24
5
85
28
95
82
74
36
31
42
55
10
56
63
72
84
20
25
67
50
100
1
52
69
26
62
86
59
13
23
31
75
43
8
81
55
58
97
63
38
67
54
89
9
73
33
4
42
92
32
79
10
29
25
100
53
83
39
19
37
85
98
27
12
96
87
56
57
88
82
68
101
2
35
21
15
46
47
16
7
91
76
5
18
66
84
64
20
50
3
78
74
93
24
71
11
61
99
70
30
94
14
49
36
65
40
6
45
48
22
95
60
28
72
80
90
44
17
41
77
34
51
102
1
54
36
27
43
18
46
67
12
75
39
9
33
23
50
87
63
6
62
91
51
73
14
58
30
70
4
65
48
25
38
97
13
85
52
3
81
31
11
99
47
79
5
90
88
7
41
29
83
15
21
35
105
2
72
86
92
24
78
66
100
19
17
102
28
60
8
96
76
26
104
55
22
94
10
69
82
59
42
103
37
77
49
93
34
56
16
45
101
44
20
57
84
74
98
68
32
95
40
61
89
64
80
71
53
106
1
55
73
82
22
91
78
41
97
11
10
100
42
39
80
75
77
103
23
60
26
5
19
50
48
21
105
74
94
40
102
92
76
93
81
106
56
66
14
30
8
13
71
57
63
64
58
25
89
24
62
65
72
107
2
37
44
47
85
20
84
51
45
46
52
38
96
101
79
95
43
53
3
28
16
33
17
7
69
15
35
4
88
61
59
90
104
83
49
86
6
32
34
29
70
67
9
99
98
12
68
31
18
87
27
36
54
108
1
57
38
85
68
19
97
99
88
34
72
66
87
105
98
106
20
44
6
17
70
36
59
33
104
100
67
109
39
49
62
53
24
10
42
22
55
3
29
65
102
35
92
18
108
86
101
73
30
52
82
50
32
90
37
111
2
76
23
81
63
31
61
83
40
12
27
5
95
21
78
11
48
84
110
58
91
71
103
89
60
51
64
74
4
46
13
9
80
54
77
43
96
107
69
93
7
15
8
26
47
41
79
25
14
16
94
45
28
75
56
112
