100
1
3
2
4
1
4
5
2
3
6
1
6
4
3
9
2
8
7
5
10
1
7
9
10
8
11
2
5
3
4
6
12
1
9
6
13
7
3
5
15
2
12
14
10
4
11
8
16
1
10
13
5
4
16
11
12
17
2
7
8
3
15
14
6
9
18
1
12
8
6
14
4
10
3
18
7
21
2
16
5
20
13
19
9
17
15
11
22
1
15
10
22
6
5
25
11
13
3
8
17
9
27
2
20
12
21
26
16
18
4
24
23
7
19
14
28
1
16
21
8
25
26
9
4
7
28
17
13
12
20
29
2
11
19
18
14
3
24
27
22
5
6
23
10
15
30
1
19
25
28
15
31
16
14
33
26
27
34
20
8
5
7
24
35
2
13
30
32
29
17
3
10
11
4
23
21
6
22
9
12
18
36
1
21
14
31
33
7
6
36
32
37
15
24
19
3
11
18
29
16
13
39
2
28
25
12
23
30
38
22
17
26
4
9
5
35
34
8
10
27
20
40
1
22
29
11
26
36
37
27
24
13
4
18
10
40
23
35
38
12
34
28
41
2
15
9
31
5
8
20
3
33
25
39
30
19
16
6
7
17
32
14
21
42
1
24
16
12
19
8
27
6
21
33
30
4
29
37
22
3
36
34
5
40
9
15
45
2
32
38
7
42
13
11
44
25
10
18
43
17
14
26
41
20
39
28
35
31
23
46
1
27
18
40
32
9
38
20
6
16
29
31
49
19
46
10
25
3
14
8
48
41
30
42
17
51
2
36
11
23
12
5
45
39
50
28
43
7
34
4
22
24
37
47
33
15
44
21
13
35
26
52
1
30
20
15
12
10
17
37
46
6
43
5
50
38
4
48
7
23
28
3
45
51
18
32
26
25
35
19
57
2
40
24
34
33
27
41
8
14
56
31
36
52
11
55
21
9
54
16
53
13
22
42
49
47
44
39
29
58
1
31
41
46
49
51
35
23
34
55
50
56
47
48
57
42
18
17
45
58
32
25
8
28
22
54
52
24
40
59
2
21
37
9
7
39
33
53
36
29
3
16
44
43
19
4
13
14
5
11
6
27
38
26
10
12
15
20
30
60
